image: condo-1.pgm
resolution: 0.050000
origin: [-4.077553, -6.233619, 0.000000]
negate: 0
occupied_thresh: 0.65
free_thresh: 0.196

